/* DATA DESCRIPTION:
Citation:	König-Langlo, Gert (2015): Radiosonde PS92/37333 during POLARSTERN cruise PS92 (ARK-XXIX/1) on 2015-05-28 10:45h. Alfred Wegener Institute, Helmholtz Center for Polar and Marine Research, Bremerhaven, doi:10.1594/PANGAEA.849528, 
	In: König-Langlo, G (2015): Upper air soundings during POLARSTERN cruise PS92 (ARK-XXIX/1 TRANSSIZ). Alfred Wegener Institute, Helmholtz Center for Polar and Marine Research, Bremerhaven, doi:10.1594/PANGAEA.849656
Project(s):	Meteorological Long-Term Observations @ AWI (AWI_Meteo) (URI: http://www.awi.de/en/science/long-term-observations.html)
Coverage:	LATITUDE: 81.180000 * LONGITUDE: 19.120000
	DATE/TIME START: 2015-05-28T10:45:00 * DATE/TIME END: 2015-05-28T10:45:00
	MINIMUM ALTITUDE: 10 m * MAXIMUM ALTITUDE: 27037 m
Event(s):	PS92/37333 * LATITUDE: 81.180000 * LONGITUDE: 19.120000 * DATE/TIME: 2015-05-28T10:45:00 * LOCATION: Arctic Ocean * CAMPAIGN: PS92 (ARK-XXIX/1) (URI: doi:10.2312/BzPM_0694_2016) * BASIS: Polarstern (URI: http://www.awi.de/en/expedition/ships/polarstern.html) * DEVICE: Radiosonde (RADIO)
Comment:	Height of tropopause 9467 m, precipitable water content 0.6852 cm
Parameter(s):	ALTITUDE [m] (Altitude) * GEOCODE * PI: König-Langlo, Gert (http://orcid.org/0000-0002-6100-4107, gert.koenig-langlo@awi.de, http://www.awi.de/en/about-us/organisation/staff/gert-koenig-langlo.html)
	Pressure, at given altitude [hPa] (PPPP) * PI: König-Langlo, Gert (http://orcid.org/0000-0002-6100-4107, gert.koenig-langlo@awi.de, http://www.awi.de/en/about-us/organisation/staff/gert-koenig-langlo.html)
	Temperature, air [°C] (TTT) * PI: König-Langlo, Gert (http://orcid.org/0000-0002-6100-4107, gert.koenig-langlo@awi.de, http://www.awi.de/en/about-us/organisation/staff/gert-koenig-langlo.html)
	Humidity, relative [%] (RH) * PI: König-Langlo, Gert (http://orcid.org/0000-0002-6100-4107, gert.koenig-langlo@awi.de, http://www.awi.de/en/about-us/organisation/staff/gert-koenig-langlo.html)
	Wind direction [deg] (dd) * PI: König-Langlo, Gert (http://orcid.org/0000-0002-6100-4107, gert.koenig-langlo@awi.de, http://www.awi.de/en/about-us/organisation/staff/gert-koenig-langlo.html)
	Wind speed [m/s] (ff) * PI: König-Langlo, Gert (http://orcid.org/0000-0002-6100-4107, gert.koenig-langlo@awi.de, http://www.awi.de/en/about-us/organisation/staff/gert-koenig-langlo.html)
License:	Creative Commons Attribution 3.0 Unported (CC-BY)
Size:	5580 data points
*/
Altitude [m]	PPPP [hPa]	TTT [°C]	RH [%]	dd [deg]	ff [m/s]
10	1019.1	-3.9	83	125	6.5
35	1015.9	-4.1	75	338	0.7
62	1012.4	-4.4	80	128	1.7
88	1009.1	-4.8	82	113	3.6
114	1005.8	-5.0	83	109	4.6
141	1002.3	-5.3	85	109	5.4
167	999.0	-5.4	86	109	5.9
190	996.1	-5.8	85	110	6.2
210	993.5	-5.9	87	109	6.3
232	990.7	-6.1	88	107	6.4
255	987.8	-6.3	88	104	6.5
274	985.4	-6.5	89	100	6.5
293	983.0	-6.8	90	98	6.6
317	980.0	-6.9	92	96	6.5
344	976.6	-7.1	95	96	6.5
372	973.2	-7.4	96	96	6.4
399	969.8	-7.6	96	96	6.3
426	966.4	-7.8	96	96	6.1
453	963.1	-8.0	97	96	5.9
479	959.8	-8.1	97	97	5.8
506	956.5	-8.3	96	98	5.7
531	953.4	-8.5	96	99	5.7
557	950.3	-8.8	96	99	5.7
585	946.8	-8.9	97	99	5.8
611	943.7	-9.1	97	101	5.8
638	940.4	-9.4	98	104	5.7
665	937.1	-9.5	97	110	5.4
693	933.7	-9.5	97	119	5.0
722	930.2	-9.0	95	131	4.6
749	927.0	-8.1	76	143	4.2
772	924.2	-7.4	50	154	4.0
798	921.2	-6.8	28	163	3.7
823	918.2	-5.8	31	169	3.6
850	915.1	-4.8	38	173	3.5
874	912.3	-4.3	40	175	3.6
899	909.4	-3.8	36	177	3.8
926	906.3	-3.6	34	178	4.1
953	903.2	-3.6	28	180	4.2
979	900.3	-3.5	26	183	4.1
1005	897.3	-3.5	24	186	3.9
1031	894.4	-3.4	20	190	3.8
1055	891.6	-3.4	19	191	3.7
1080	888.8	-3.4	19	191	3.8
1107	885.8	-3.5	20	188	4.0
1135	882.7	-3.6	21	186	4.3
1159	880.0	-3.6	21	184	4.4
1186	877.0	-3.8	22	184	4.5
1212	874.1	-3.8	25	185	4.5
1240	871.0	-3.9	35	187	4.4
1267	868.0	-3.9	33	189	4.5
1293	865.2	-4.0	37	191	4.6
1320	862.2	-4.1	52	192	4.6
1350	859.0	-4.1	42	194	4.6
1372	856.6	-4.0	32	194	4.5
1398	853.7	-3.8	22	194	4.4
1421	851.3	-3.8	22	192	4.3
1447	848.5	-3.6	20	189	4.3
1476	845.3	-3.8	20	188	4.3
1498	843.0	-3.9	20	188	4.4
1523	840.3	-3.9	20	191	4.5
1551	837.4	-4.1	19	194	4.7
1574	834.9	-4.0	18	196	4.9
1599	832.3	-4.0	18	196	5.1
1628	829.2	-4.0	17	195	5.3
1651	826.8	-4.0	17	194	5.5
1677	824.1	-4.1	16	195	5.7
1704	821.3	-4.1	14	198	5.9
1728	818.8	-4.3	14	202	6.0
1756	815.9	-4.3	17	205	6.1
1784	813.0	-4.5	19	206	6.1
1809	810.4	-4.6	18	206	6.0
1835	807.7	-4.8	20	205	5.9
1860	805.1	-4.8	15	203	5.8
1887	802.4	-4.9	17	202	5.9
1913	799.7	-5.1	19	201	6.2
1941	796.9	-5.3	19	201	6.4
1967	794.3	-5.3	18	200	6.6
1992	791.7	-5.3	10	200	6.9
2019	789.0	-5.5	56	199	7.1
2046	786.3	-5.8	63	198	7.2
2074	783.5	-5.9	63	197	7.1
2100	780.9	-6.0	59	196	7.0
2126	778.3	-6.1	51	195	6.7
2150	775.9	-6.1	44	195	6.4
2175	773.5	-6.1	44	195	6.3
2202	770.8	-6.3	45	197	6.3
2229	768.1	-6.4	48	199	6.5
2252	765.9	-6.6	56	201	6.8
2280	763.1	-6.8	64	203	7.0
2309	760.3	-6.8	61	203	7.1
2334	757.9	-6.9	62	202	7.1
2361	755.3	-7.0	58	201	7.0
2386	752.9	-7.1	53	199	7.0
2413	750.3	-7.1	55	198	7.2
2441	747.6	-7.3	57	199	7.4
2467	745.1	-7.4	58	201	7.8
2493	742.6	-7.5	56	203	8.1
2518	740.2	-7.6	56	206	8.4
2547	737.5	-7.8	56	207	8.6
2574	734.9	-8.0	58	208	8.8
2598	732.6	-8.1	57	209	8.8
2624	730.2	-8.3	58	208	8.7
2650	727.8	-8.4	58	207	8.3
2675	725.4	-8.6	58	205	7.8
2701	723.0	-8.8	59	201	7.3
2724	720.8	-9.0	62	198	6.9
2752	718.2	-9.0	61	195	6.6
2778	715.8	-9.3	62	194	6.6
2804	713.4	-9.3	62	193	6.5
2836	710.5	-9.5	64	194	6.5
2863	708.0	-9.8	66	196	6.4
2887	705.8	-9.9	67	199	6.2
2918	703.0	-10.1	66	201	5.9
2946	700.4	-10.3	67	202	5.7
2974	697.9	-10.4	67	204	5.5
3003	695.3	-10.4	65	204	5.5
3032	692.7	-10.5	65	204	5.4
3060	690.1	-10.8	66	203	5.5
3087	687.7	-10.9	68	203	5.5
3112	685.5	-10.9	66	202	5.5
3140	683.0	-11.0	66	201	5.5
3168	680.5	-11.3	64	201	5.4
3192	678.4	-11.3	55	201	5.3
3219	676.0	-11.4	53	202	5.2
3248	673.5	-11.6	53	202	5.3
3268	671.7	-11.8	53	202	5.4
3295	669.3	-11.9	54	200	5.5
3323	666.9	-12.3	60	199	5.6
3346	664.9	-12.5	62	198	5.4
3375	662.4	-12.6	61	196	5.1
3405	659.8	-12.8	62	195	4.8
3429	657.7	-12.8	66	193	4.4
3450	655.9	-12.8	66	192	4.1
3476	653.7	-12.8	66	192	3.9
3506	651.1	-12.8	67	192	3.8
3537	648.5	-13.1	64	193	3.8
3557	646.8	-13.1	63	193	3.7
3578	645.0	-13.1	62	192	3.6
3600	643.1	-13.1	63	190	3.5
3619	641.5	-13.3	66	187	3.4
3642	639.6	-13.5	69	184	3.1
3666	637.6	-13.8	68	181	2.9
3693	635.3	-13.8	66	178	2.8
3714	633.6	-13.9	68	176	2.8
3734	631.9	-14.1	68	174	2.9
3763	629.5	-14.1	68	171	3.2
3792	627.1	-14.3	68	169	3.4
3817	625.0	-14.5	69	168	3.4
3840	623.1	-14.6	65	167	3.4
3865	621.1	-14.6	55	167	3.4
3891	619.0	-14.8	50	169	3.4
3919	616.7	-14.8	38	170	3.5
3946	614.5	-14.9	39	172	3.8
3967	612.8	-15.1	64	172	4.0
3985	611.3	-15.1	62	172	4.2
4004	609.8	-15.0	61	172	4.2
4029	607.8	-15.1	60	172	4.2
4051	606.0	-15.3	60	173	4.1
4075	604.1	-15.4	60	173	4.0
4096	602.4	-15.5	59	174	3.8
4116	600.8	-15.8	57	174	3.6
4138	599.1	-15.8	57	174	3.4
4160	597.3	-16.0	57	174	3.2
4183	595.5	-16.3	57	174	3.0
4210	593.4	-16.4	57	172	2.9
4236	591.3	-16.6	52	171	2.9
4260	589.4	-16.8	53	170	3.0
4289	587.2	-16.9	53	170	3.2
4309	585.6	-17.0	54	173	3.3
4333	583.7	-17.2	51	176	3.3
4353	582.2	-17.2	49	178	3.2
4386	579.6	-17.4	46	180	3.0
4417	577.2	-17.8	46	178	2.6
4449	574.8	-18.0	43	174	2.3
4480	572.4	-18.2	37	166	2.0
4510	570.1	-18.3	20	157	1.9
4540	567.8	-18.2	9	147	1.9
4566	565.8	-18.4	8	140	1.9
4586	564.3	-18.5	9	136	2.0
4606	562.8	-18.5	15	134	2.1
4630	561.0	-18.7	16	133	2.1
4653	559.3	-18.8	10	132	1.9
4681	557.2	-18.9	7	130	1.8
4706	555.3	-19.1	8	126	1.5
4725	553.9	-18.9	7	119	1.2
4748	552.2	-19.0	6	107	1.0
4771	550.5	-19.0	8	89	0.8
4792	548.9	-19.2	22	70	0.8
4814	547.3	-19.6	40	57	0.9
4833	545.9	-19.7	48	51	0.9
4854	544.4	-19.8	47	49	0.8
4874	542.9	-19.9	45	51	0.7
4896	541.3	-20.0	45	58	0.6
4918	539.7	-20.0	42	70	0.6
4940	538.1	-20.3	42	80	0.6
4961	536.6	-20.4	39	84	0.8
4983	535.0	-20.5	32	83	1.0
5002	533.6	-20.7	30	79	1.1
5022	532.2	-20.7	23	74	1.3
5045	530.5	-20.8	14	69	1.4
5070	528.7	-21.0	17	62	1.5
5094	527.0	-21.2	19	56	1.5
5121	525.1	-21.4	19	51	1.4
5145	523.4	-21.6	20	49	1.3
5167	521.8	-21.8	20	51	1.2
5187	520.4	-21.7	19	53	1.2
5211	518.7	-21.9	18	55	1.2
5232	517.2	-22.0	19	53	1.2
5257	515.5	-22.2	18	46	1.3
5277	514.1	-22.4	18	37	1.5
5301	512.4	-22.5	18	28	1.7
5325	510.7	-22.7	18	21	1.9
5346	509.3	-22.8	16	16	2.1
5369	507.7	-23.0	13	14	2.2
5390	506.2	-23.1	14	14	2.2
5412	504.7	-23.1	16	13	2.1
5435	503.1	-23.2	15	13	2.0
5456	501.7	-23.4	17	13	1.9
5475	500.4	-23.6	19	13	1.8
5494	499.1	-23.7	19	14	1.8
5514	497.7	-23.9	17	16	2.0
5535	496.3	-24.0	17	19	2.1
5558	494.7	-24.2	18	22	2.3
5586	492.8	-24.4	26	24	2.4
5613	491.0	-24.7	26	25	2.6
5634	489.6	-24.9	30	24	2.7
5655	488.2	-25.0	31	23	2.8
5674	486.9	-25.0	31	22	3.1
5695	485.5	-25.2	31	22	3.3
5716	484.1	-25.2	27	22	3.5
5739	482.6	-25.2	16	23	3.7
5760	481.2	-25.3	8	24	3.9
5781	479.8	-25.4	8	25	4.1
5800	478.5	-25.5	9	26	4.3
5820	477.2	-25.6	11	26	4.5
5840	475.9	-25.8	17	26	4.7
5860	474.6	-25.9	20	26	4.8
5883	473.1	-26.1	23	26	4.9
5904	471.7	-26.3	27	25	4.9
5926	470.3	-26.5	29	24	4.9
5947	468.9	-26.8	33	23	4.8
5967	467.6	-27.0	35	23	4.7
5989	466.2	-27.2	39	22	4.6
6010	464.8	-27.3	40	22	4.6
6034	463.3	-27.5	39	20	4.5
6060	461.6	-27.7	40	16	4.5
6082	460.2	-27.8	36	12	4.5
6109	458.5	-27.9	40	8	4.5
6134	456.9	-28.1	40	6	4.5
6156	455.5	-28.1	40	4	4.5
6178	454.1	-28.4	38	4	4.5
6198	452.8	-28.5	39	4	4.4
6224	451.2	-28.7	42	5	4.4
6248	449.7	-29.0	44	5	4.3
6267	448.5	-29.1	44	6	4.3
6289	447.1	-29.2	46	7	4.3
6310	445.8	-29.4	49	8	4.4
6332	444.4	-29.5	49	9	4.6
6355	443.0	-29.8	55	10	4.8
6377	441.6	-29.9	58	10	5.0
6398	440.3	-30.2	59	9	5.1
6421	438.9	-30.3	58	7	5.2
6442	437.6	-30.5	60	5	5.2
6463	436.3	-30.7	61	3	5.2
6483	435.1	-30.9	57	2	5.1
6504	433.8	-31.0	55	3	5.1
6527	432.4	-31.2	56	4	5.0
6550	431.0	-31.3	58	6	4.9
6570	429.8	-31.5	59	8	4.9
6588	428.7	-31.7	61	9	4.9
6608	427.5	-31.8	61	10	4.9
6629	426.2	-31.9	60	10	4.9
6653	424.8	-32.1	58	11	5.1
6673	423.6	-32.4	54	12	5.3
6696	422.2	-32.6	54	12	5.5
6716	421.0	-32.7	52	13	5.6
6738	419.7	-32.9	52	13	5.6
6761	418.3	-33.0	51	14	5.6
6783	417.0	-33.3	51	14	5.6
6803	415.8	-33.3	51	14	5.5
6825	414.5	-33.6	51	13	5.4
6846	413.3	-33.8	52	12	5.4
6868	412.0	-34.0	53	10	5.4
6892	410.6	-34.2	54	9	5.4
6914	409.3	-34.4	53	7	5.4
6934	408.1	-34.4	52	6	5.5
6957	406.8	-34.7	52	5	5.4
6977	405.6	-34.9	51	5	5.4
7000	404.3	-35.0	47	5	5.3
7022	403.0	-35.2	48	6	5.2
7043	401.8	-35.4	49	7	5.1
7062	400.7	-35.5	48	8	5.0
7083	399.5	-35.6	46	8	4.9
7106	398.2	-35.8	44	8	4.8
7127	397.0	-35.9	42	7	4.7
7148	395.8	-36.0	44	6	4.8
7169	394.6	-36.2	46	4	4.9
7192	393.3	-36.5	46	2	5.0
7213	392.1	-36.7	47	1	5.3
7236	390.8	-36.8	47	360	5.5
7255	389.7	-37.1	47	360	5.8
7277	388.5	-37.2	44	1	6.1
7300	387.2	-37.5	46	2	6.3
7323	385.9	-37.5	44	2	6.4
7346	384.6	-37.7	42	3	6.5
7368	383.4	-37.8	44	3	6.5
7389	382.2	-38.0	48	3	6.5
7411	381.0	-38.1	47	3	6.5
7433	379.8	-38.4	51	2	6.5
7455	378.6	-38.6	52	1	6.6
7475	377.5	-38.8	53	360	6.7
7495	376.4	-38.9	53	360	6.9
7515	375.3	-39.0	52	359	7.0
7537	374.1	-39.3	50	359	7.1
7559	372.9	-39.5	49	359	7.1
7577	371.9	-39.7	48	359	7.0
7597	370.8	-39.8	49	359	6.9
7619	369.6	-40.0	50	359	6.8
7642	368.4	-40.1	45	360	6.7
7662	367.3	-40.2	42	360	6.7
7683	366.2	-40.3	38	1	6.8
7703	365.1	-40.5	36	1	6.9
7725	363.9	-40.7	39	1	7.1
7744	362.9	-40.9	42	360	7.4
7763	361.9	-41.1	41	360	7.7
7782	360.9	-41.2	39	360	8.1
7804	359.7	-41.2	38	359	8.4
7831	358.3	-41.5	37	359	8.8
7856	357.0	-41.7	37	359	9.0
7880	355.7	-41.9	39	359	9.3
7903	354.5	-42.1	37	359	9.6
7924	353.4	-42.4	40	359	9.9
7945	352.3	-42.6	39	359	10.2
7968	351.1	-42.6	37	359	10.5
7991	349.9	-42.7	36	359	10.8
8013	348.8	-42.9	35	359	11.1
8034	347.7	-43.1	35	359	11.3
8055	346.6	-43.3	36	360	11.6
8077	345.5	-43.5	38	360	11.8
8096	344.5	-43.7	37	360	12.0
8118	343.4	-43.9	37	1	12.1
8137	342.4	-44.1	38	1	12.2
8157	341.4	-44.2	38	1	12.4
8179	340.3	-44.4	38	1	12.5
8200	339.2	-44.5	38	1	12.7
8222	338.1	-44.8	39	2	12.9
8242	337.1	-45.0	40	2	13.1
8264	336.0	-45.2	41	3	13.3
8284	335.0	-45.1	41	4	13.4
8307	333.8	-45.4	39	4	13.5
8330	332.7	-45.6	39	5	13.6
8352	331.6	-45.8	39	5	13.7
8374	330.5	-46.0	39	5	13.9
8396	329.4	-46.1	39	5	14.2
8418	328.3	-46.4	40	6	14.5
8440	327.2	-46.6	40	5	14.8
8463	326.1	-46.8	41	5	15.2
8481	325.2	-46.9	41	5	15.4
8501	324.2	-47.1	41	6	15.6
8524	323.1	-47.2	42	6	15.8
8544	322.1	-47.5	43	6	15.9
8565	321.1	-47.8	45	6	16.0
8586	320.1	-47.9	45	5	16.1
8606	319.1	-48.1	45	5	16.2
8627	318.1	-48.2	46	5	16.3
8648	317.1	-48.4	46	5	16.3
8668	316.1	-48.4	41	4	16.4
8689	315.1	-48.6	37	4	16.4
8710	314.1	-48.9	39	4	16.5
8731	313.1	-49.1	42	3	16.6
8752	312.1	-49.2	46	3	16.7
8773	311.1	-49.4	50	3	16.8
8796	310.0	-49.6	49	3	16.8
8815	309.1	-49.7	49	3	16.8
8839	308.0	-49.9	53	3	16.7
8860	307.0	-50.1	56	3	16.5
8881	306.0	-50.2	55	3	16.3
8905	304.9	-50.6	54	2	16.2
8926	303.9	-50.7	53	3	16.1
8946	303.0	-50.7	48	3	16.1
8965	302.1	-50.8	46	3	16.0
8987	301.1	-50.7	44	3	15.9
9006	300.2	-50.9	44	4	15.8
9030	299.1	-51.0	44	4	15.7
9052	298.1	-51.2	45	5	15.6
9074	297.1	-51.2	46	5	15.6
9093	296.2	-51.5	46	5	15.6
9115	295.2	-51.6	45	6	15.6
9137	294.2	-51.6	44	6	15.6
9159	293.2	-51.7	43	6	15.5
9179	292.3	-51.9	43	7	15.4
9202	291.3	-51.9	42	7	15.2
9226	290.2	-51.8	40	7	15.1
9251	289.1	-51.7	38	7	14.8
9275	288.0	-52.0	37	8	14.6
9300	286.9	-52.3	35	9	14.2
9325	285.8	-52.2	32	9	13.8
9359	284.3	-52.4	31	11	13.2
9396	282.7	-52.7	33	12	12.5
9432	281.1	-53.1	35	13	11.7
9467	279.6	-53.3	34	14	10.8
9487	278.7	-53.2	30	15	10.0
9508	277.8	-53.3	29	14	9.4
9529	276.9	-53.3	30	12	8.9
9553	275.9	-53.4	30	10	8.6
9574	275.0	-53.4	28	9	8.2
9595	274.1	-53.3	26	9	7.9
9618	273.1	-52.8	22	11	7.5
9642	272.1	-52.2	20	12	7.1
9661	271.3	-52.2	20	13	6.8
9682	270.4	-52.4	19	13	6.6
9702	269.6	-52.5	18	12	6.4
9726	268.6	-52.6	19	10	6.4
9747	267.7	-52.9	20	8	6.3
9767	266.9	-52.5	20	7	6.4
9786	266.1	-52.4	19	8	6.3
9808	265.2	-52.4	19	9	6.3
9830	264.3	-52.3	18	11	6.1
9852	263.4	-52.2	18	13	6.0
9874	262.5	-52.2	17	14	5.8
9896	261.6	-52.3	16	15	5.7
9919	260.7	-52.3	16	16	5.7
9941	259.8	-52.4	15	17	5.6
9964	258.9	-52.5	15	18	5.6
9984	258.1	-52.5	13	20	5.5
10006	257.2	-52.3	11	21	5.4
10026	256.4	-52.2	9	21	5.3
10047	255.6	-52.0	8	20	5.2
10067	254.8	-52.0	8	19	5.2
10087	254.0	-51.9	8	17	5.2
10110	253.1	-51.9	8	14	5.3
10131	252.3	-51.5	9	13	5.4
10151	251.5	-51.5	9	11	5.4
10172	250.7	-51.6	9	10	5.5
10195	249.8	-51.2	9	10	5.5
10216	249.0	-51.0	9	11	5.5
10237	248.2	-50.7	8	12	5.4
10258	247.4	-50.8	8	13	5.2
10279	246.6	-50.7	7	12	5.0
10301	245.8	-50.8	6	11	4.7
10319	245.1	-50.8	5	9	4.5
10340	244.3	-50.6	4	8	4.2
10359	243.6	-50.1	3	8	4.1
10381	242.8	-50.1	3	9	4.1
10402	242.0	-50.0	2	11	4.3
10424	241.2	-49.9	2	11	4.6
10443	240.5	-49.2	2	11	4.9
10465	239.7	-49.0	3	9	5.2
10487	238.9	-48.8	3	7	5.4
10509	238.1	-48.7	3	4	5.5
10531	237.3	-48.8	2	1	5.6
10553	236.5	-48.9	2	360	5.6
10573	235.8	-48.5	2	1	5.6
10592	235.1	-48.1	2	4	5.5
10615	234.3	-47.9	2	9	5.2
10634	233.6	-47.7	2	16	5.0
10654	232.9	-47.6	2	22	4.7
10680	232.0	-47.7	2	27	4.6
10703	231.2	-47.7	2	30	4.5
10723	230.5	-47.6	2	31	4.6
10746	229.7	-47.3	2	30	4.7
10766	229.0	-47.5	2	29	4.8
10789	228.2	-47.1	2	29	4.7
10812	227.4	-47.1	2	29	4.5
10833	226.7	-46.9	2	30	4.1
10853	226.0	-47.0	2	31	3.6
10874	225.3	-46.9	2	30	3.1
10897	224.5	-46.7	2	28	2.7
10918	223.8	-46.5	2	24	2.4
10942	223.0	-46.4	2	21	2.2
10963	222.3	-46.5	2	18	2.2
10984	221.6	-46.2	2	18	2.2
11005	220.9	-45.8	2	19	2.2
11026	220.2	-45.5	1	22	2.2
11047	219.5	-45.6	2	26	2.1
11071	218.7	-45.6	2	29	2.1
11093	218.0	-45.6	1	32	2.0
11114	217.3	-45.6	2	34	1.9
11133	216.7	-45.5	1	37	1.9
11154	216.0	-45.5	1	40	1.9
11176	215.3	-45.5	1	45	2.0
11201	214.5	-45.4	1	50	2.2
11223	213.8	-45.2	1	55	2.3
11245	213.1	-44.8	1	60	2.3
11267	212.4	-44.7	1	64	2.3
11285	211.8	-44.9	1	68	2.3
11308	211.1	-44.8	1	72	2.2
11330	210.4	-44.8	1	77	2.1
11352	209.7	-44.9	1	85	2.0
11371	209.1	-45.1	1	93	2.0
11394	208.4	-44.7	1	101	2.1
11416	207.7	-44.5	1	105	2.1
11436	207.1	-44.6	1	107	2.0
11458	206.4	-44.6	1	105	1.9
11481	205.7	-44.4	1	101	1.6
11501	205.1	-44.6	1	94	1.3
11523	204.4	-44.6	1	86	1.0
11543	203.8	-44.5	1	78	0.9
11566	203.1	-44.4	1	73	0.7
11589	202.4	-44.3	1	71	0.7
11609	201.8	-44.4	1	72	0.7
11629	201.2	-44.5	1	72	0.8
11653	200.5	-44.7	1	72	0.9
11673	199.9	-44.6	1	75	1.1
11693	199.3	-44.7	1	79	1.4
11716	198.6	-44.7	1	84	1.7
11737	198.0	-44.5	1	88	2.0
11760	197.3	-44.5	1	91	2.1
11781	196.7	-44.5	1	93	2.1
11805	196.0	-44.4	1	94	2.0
11825	195.4	-44.4	1	94	1.8
11846	194.8	-44.7	1	95	1.7
11870	194.1	-44.8	1	95	1.7
11890	193.5	-44.7	1	94	1.6
11911	192.9	-44.4	1	91	1.6
11936	192.2	-44.6	1	83	1.5
11957	191.6	-44.7	1	69	1.3
11978	191.0	-44.6	1	51	1.3
11999	190.4	-44.6	1	36	1.4
12020	189.8	-44.6	1	28	1.6
12041	189.2	-44.6	1	27	1.8
12066	188.5	-44.3	1	30	1.9
12087	187.9	-44.4	1	35	2.0
12109	187.3	-44.4	1	41	2.1
12130	186.7	-44.3	1	45	2.0
12155	186.0	-44.6	1	49	1.8
12177	185.4	-44.7	1	52	1.5
12199	184.8	-44.7	1	53	1.2
12220	184.2	-44.8	1	53	0.9
12242	183.6	-44.7	1	48	0.7
12264	183.0	-44.5	1	39	0.6
12286	182.4	-44.3	1	0	0.0
12308	181.8	-44.4	1	0	0.0
12330	181.2	-44.2	1	0	0.0
12353	180.6	-43.8	1	0	0.0
12375	180.0	-43.8	1	0	0.0
12397	179.4	-43.6	1	0	0.0
12420	178.8	-43.7	1	176	0.6
12443	178.2	-43.5	1	169	0.9
12465	177.6	-43.6	1	165	1.2
12488	177.0	-43.4	1	162	1.5
12511	176.4	-43.6	1	159	1.6
12534	175.8	-43.8	1	158	1.6
12553	175.3	-44.0	1	157	1.5
12576	174.7	-44.1	1	158	1.4
12599	174.1	-44.3	1	159	1.2
12622	173.5	-44.4	1	159	1.0
12641	173.0	-44.6	1	156	0.8
12665	172.4	-44.7	1	151	0.7
12688	171.8	-44.7	1	142	0.6
12711	171.2	-44.8	1	360	0.5
12735	170.6	-44.9	1	0	0.0
12755	170.1	-44.8	1	0	0.0
12778	169.5	-44.7	1	0	0.0
12798	169.0	-44.8	1	0	0.0
12822	168.4	-44.8	1	220	0.5
12842	167.9	-44.7	1	215	0.8
12866	167.3	-44.7	1	208	0.9
12890	166.7	-44.6	1	199	0.9
12910	166.2	-44.8	1	188	0.8
12934	165.6	-44.8	1	169	0.6
12954	165.1	-44.6	1	0	0.0
12979	164.5	-44.6	1	360	0.5
12999	164.0	-44.5	1	82	0.6
13024	163.4	-44.4	1	85	0.6
13044	162.9	-44.3	1	101	0.6
13069	162.3	-44.3	1	122	0.6
13089	161.8	-44.3	1	136	0.7
13114	161.2	-44.0	1	139	0.8
13135	160.7	-44.0	1	137	0.8
13156	160.2	-44.1	1	137	0.6
13177	159.7	-44.2	1	360	0.5
13198	159.2	-44.1	1	0	0.0
13219	158.7	-43.9	1	225	0.6
13241	158.2	-43.8	1	232	0.9
13266	157.6	-43.9	1	227	1.0
13287	157.1	-44.0	1	215	1.0
13309	156.6	-43.9	1	198	1.1
13330	156.1	-43.8	1	179	1.2
13352	155.6	-44.1	1	166	1.4
13373	155.1	-43.5	1	159	1.5
13395	154.6	-43.7	1	156	1.7
13417	154.1	-43.9	1	157	1.8
13439	153.6	-44.1	1	160	1.9
13461	153.1	-44.0	1	165	2.0
13487	152.5	-44.1	1	170	2.1
13509	152.0	-44.1	1	175	2.1
13531	151.5	-43.9	1	179	2.1
13553	151.0	-43.8	1	183	2.1
13576	150.5	-43.7	1	186	1.9
13598	150.0	-43.9	1	189	1.8
13620	149.5	-44.2	1	192	1.6
13643	149.0	-44.2	1	191	1.5
13665	148.5	-44.2	1	189	1.3
13688	148.0	-44.1	1	182	1.2
13711	147.5	-44.3	1	175	1.0
13734	147.0	-43.9	1	168	0.9
13756	146.5	-44.1	1	164	0.8
13779	146.0	-44.1	1	160	0.6
13802	145.5	-44.2	1	154	0.5
13825	145.0	-44.1	1	0	0.0
13849	144.5	-44.1	1	110	0.5
13867	144.1	-43.9	1	96	0.8
13895	143.5	-44.1	1	91	1.1
13914	143.1	-44.0	1	91	1.4
13937	142.6	-43.9	1	92	1.6
13961	142.1	-44.0	1	96	1.6
13985	141.6	-44.0	1	101	1.6
14008	141.1	-44.0	1	109	1.5
14032	140.6	-44.0	1	116	1.4
14056	140.1	-44.1	1	123	1.4
14080	139.6	-44.1	1	126	1.4
14099	139.2	-44.2	1	127	1.5
14124	138.7	-44.2	1	129	1.5
14148	138.2	-43.8	1	133	1.5
14172	137.7	-44.0	1	142	1.5
14192	137.3	-44.2	1	156	1.4
14221	136.7	-44.4	1	174	1.3
14241	136.3	-44.4	1	192	1.4
14265	135.8	-44.5	1	205	1.5
14290	135.3	-44.6	1	213	1.7
14315	134.8	-44.2	1	216	1.7
14335	134.4	-44.4	1	215	1.8
14360	133.9	-44.5	1	213	1.7
14385	133.4	-44.6	1	208	1.7
14410	132.9	-44.3	1	202	1.6
14430	132.5	-44.5	1	197	1.6
14455	132.0	-44.6	1	194	1.6
14481	131.5	-44.4	1	195	1.6
14501	131.1	-44.5	1	198	1.7
14527	130.6	-44.6	1	201	1.8
14553	130.1	-44.8	1	202	1.9
14573	129.7	-44.7	1	201	1.9
14599	129.2	-44.5	1	196	2.0
14625	128.7	-44.5	1	191	2.0
14646	128.3	-44.5	1	186	2.0
14667	127.9	-44.5	1	185	1.9
14693	127.4	-44.4	1	187	1.6
14714	127.0	-44.4	1	193	1.2
14741	126.5	-44.4	1	204	0.8
14762	126.1	-44.5	1	0	0.0
14788	125.6	-44.3	1	0	0.0
14810	125.2	-44.3	1	62	0.5
14831	124.8	-44.4	1	68	1.1
14858	124.3	-44.4	1	71	1.6
14880	123.9	-44.4	1	74	2.0
14901	123.5	-44.2	1	76	2.3
14929	123.0	-44.1	1	78	2.4
14950	122.6	-44.3	1	80	2.5
14972	122.2	-44.5	1	81	2.5
14994	121.8	-44.6	1	81	2.6
15022	121.3	-44.6	1	80	2.8
15044	120.9	-44.6	1	81	2.9
15066	120.5	-44.6	1	82	3.0
15088	120.1	-44.8	1	86	3.0
15116	119.6	-44.7	1	92	3.0
15139	119.2	-44.6	1	100	3.0
15161	118.8	-44.9	1	109	3.0
15184	118.4	-45.0	1	119	3.0
15206	118.0	-44.4	1	127	3.0
15229	117.6	-44.3	1	134	3.0
15252	117.2	-44.6	1	140	3.0
15275	116.8	-44.7	1	144	3.0
15298	116.4	-44.8	1	148	3.0
15321	116.0	-44.9	1	150	3.0
15344	115.6	-45.1	1	150	3.0
15367	115.2	-45.0	1	150	3.1
15390	114.8	-45.0	1	150	3.1
15414	114.4	-45.0	1	151	3.0
15437	114.0	-45.0	1	153	2.8
15461	113.6	-44.8	1	156	2.5
15484	113.2	-44.7	1	161	2.1
15508	112.8	-45.0	1	166	1.7
15532	112.4	-44.9	1	169	1.2
15550	112.1	-45.1	1	170	0.8
15573	111.7	-45.0	1	360	0.5
15597	111.3	-44.9	1	0	0.0
15621	110.9	-45.1	1	0	0.0
15646	110.5	-44.8	1	0	0.0
15670	110.1	-44.7	1	360	0.5
15688	109.8	-44.6	1	116	0.6
15713	109.4	-44.8	1	118	0.8
15737	109.0	-44.7	1	122	0.9
15756	108.7	-44.8	1	126	1.1
15780	108.3	-44.8	1	132	1.2
15805	107.9	-44.9	1	139	1.3
15824	107.6	-44.7	1	148	1.4
15848	107.2	-44.6	1	156	1.6
15874	106.8	-44.8	1	163	1.7
15899	106.4	-44.9	1	169	1.9
15917	106.1	-44.7	1	174	2.1
15943	105.7	-44.8	1	179	2.2
15968	105.3	-45.0	1	184	2.2
15994	104.9	-45.0	1	190	2.1
16019	104.5	-44.9	1	196	2.0
16038	104.2	-44.7	1	200	1.8
16058	103.9	-45.0	1	202	1.6
16083	103.5	-44.9	1	198	1.4
16109	103.1	-44.7	1	187	1.3
16129	102.8	-44.8	1	172	1.4
16155	102.4	-45.0	1	159	1.6
16181	102.0	-44.9	1	151	1.8
16201	101.7	-44.9	1	149	2.1
16227	101.3	-44.6	1	150	2.3
16247	101.0	-44.8	1	152	2.4
16274	100.6	-44.4	1	154	2.5
16294	100.3	-44.7	1	155	2.5
16320	99.9	-44.8	1	156	2.5
16347	99.5	-44.7	1	154	2.4
16367	99.2	-44.8	1	150	2.2
16394	98.8	-44.5	1	140	2.1
16415	98.5	-44.8	1	128	2.2
16442	98.1	-44.8	1	117	2.4
16462	97.8	-44.5	1	109	2.8
16490	97.4	-44.6	1	105	3.2
16511	97.1	-44.5	1	103	3.6
16538	96.7	-44.4	1	104	3.8
16559	96.4	-44.5	1	107	3.9
16587	96.0	-44.3	1	111	3.8
16608	95.7	-44.5	1	118	3.7
16636	95.3	-44.6	1	125	3.6
16657	95.0	-44.4	1	134	3.4
16685	94.6	-44.4	1	143	3.2
16707	94.3	-44.6	1	150	3.0
16728	94.0	-44.8	1	156	2.7
16756	93.6	-44.5	1	160	2.4
16778	93.3	-44.5	1	164	2.1
16807	92.9	-44.2	1	169	1.9
16828	92.6	-44.3	1	175	1.9
16850	92.3	-44.4	1	179	2.0
16879	91.9	-44.1	1	179	2.1
16901	91.6	-44.2	1	173	2.2
16923	91.3	-44.0	1	165	2.2
16945	91.0	-44.0	1	157	2.3
16975	90.6	-44.1	1	152	2.4
16997	90.3	-44.1	1	151	2.3
17020	90.0	-43.6	1	154	2.2
17042	89.7	-43.2	1	161	1.9
17065	89.4	-43.3	1	172	1.6
17095	89.0	-43.3	1	186	1.4
17118	88.7	-43.6	1	201	1.2
17140	88.4	-43.8	1	213	1.0
17163	88.1	-43.3	1	218	0.8
17186	87.8	-43.4	1	211	0.6
17209	87.5	-43.7	1	360	0.5
17240	87.1	-43.7	1	136	0.7
17263	86.8	-43.8	1	120	1.1
17286	86.5	-43.7	1	116	1.6
17310	86.2	-43.2	1	117	2.0
17333	85.9	-43.4	1	121	2.2
17357	85.6	-43.4	1	127	2.2
17380	85.3	-43.4	1	135	2.1
17404	85.0	-43.4	1	143	1.9
17428	84.7	-43.5	1	150	1.7
17452	84.4	-43.6	1	155	1.6
17476	84.1	-43.7	1	156	1.4
17500	83.8	-43.7	1	153	1.2
17524	83.5	-43.9	1	146	1.2
17548	83.2	-43.7	1	139	1.2
17572	82.9	-43.8	1	133	1.3
17597	82.6	-43.7	1	129	1.4
17621	82.3	-43.9	1	129	1.6
17646	82.0	-44.1	1	130	1.8
17670	81.7	-44.1	1	132	2.0
17695	81.4	-43.8	1	134	2.0
17720	81.1	-44.1	1	137	1.9
17745	80.8	-44.1	1	139	1.6
17770	80.5	-43.8	1	143	1.2
17795	80.2	-43.7	1	146	0.9
17820	79.9	-43.6	1	147	0.6
17845	79.6	-43.7	1	0	0.0
17871	79.3	-43.6	1	0	0.0
17896	79.0	-43.5	1	0	0.0
17922	78.7	-43.3	1	87	0.6
17947	78.4	-43.3	1	80	0.8
17973	78.1	-43.5	1	74	1.0
17990	77.9	-43.7	1	68	1.1
18016	77.6	-43.8	1	64	1.3
18042	77.3	-43.7	1	61	1.5
18069	77.0	-43.8	1	61	1.7
18095	76.7	-43.7	1	62	1.9
18121	76.4	-43.7	1	66	2.0
18148	76.1	-43.8	1	70	2.1
18165	75.9	-44.0	1	77	2.1
18192	75.6	-44.3	1	85	2.1
18218	75.3	-44.2	1	93	2.1
18245	75.0	-44.3	1	100	2.0
18272	74.7	-44.4	1	106	1.9
18290	74.5	-44.3	1	110	1.8
18317	74.2	-44.1	1	112	1.5
18344	73.9	-44.1	1	111	1.3
18362	73.7	-44.3	1	103	1.1
18390	73.4	-44.0	1	89	1.0
18417	73.1	-44.0	1	71	1.0
18436	72.9	-44.1	1	58	1.2
18463	72.6	-43.9	1	53	1.5
18491	72.3	-44.0	1	53	1.7
18510	72.1	-43.9	1	57	1.9
18538	71.8	-43.8	1	64	2.1
18557	71.6	-43.7	1	72	2.3
18585	71.3	-43.9	1	78	2.3
18613	71.0	-43.9	1	84	2.3
18632	70.8	-44.0	1	89	2.2
18661	70.5	-44.0	1	92	2.1
18680	70.3	-44.1	1	94	2.0
18708	70.0	-44.3	1	95	1.8
18727	69.8	-44.3	1	97	1.8
18756	69.5	-44.2	1	100	1.8
18785	69.2	-44.2	1	103	1.9
18805	69.0	-44.1	1	106	2.0
18824	68.8	-44.2	1	108	2.3
18854	68.5	-44.2	1	109	2.5
18883	68.2	-44.3	1	109	2.6
18903	68.0	-44.2	1	109	2.7
18932	67.7	-44.1	1	108	2.7
18952	67.5	-43.7	1	109	2.8
18982	67.2	-43.7	1	111	2.8
19002	67.0	-43.9	1	114	2.9
19032	66.7	-44.1	1	117	3.0
19052	66.5	-44.0	1	120	3.1
19073	66.3	-43.6	1	122	3.1
19103	66.0	-43.8	1	124	3.1
19124	65.8	-44.1	1	128	3.2
19154	65.5	-44.3	1	132	3.4
19175	65.3	-44.3	1	137	3.7
19206	65.0	-44.3	1	142	4.1
19226	64.8	-44.4	1	146	4.4
19247	64.6	-44.0	1	150	4.5
19278	64.3	-43.7	1	152	4.5
19299	64.1	-43.9	1	154	4.2
19320	63.9	-44.2	1	155	3.8
19352	63.6	-44.2	1	153	3.2
19373	63.4	-44.2	1	149	2.4
19405	63.1	-44.2	1	139	1.8
19426	62.9	-44.2	1	116	1.3
19447	62.7	-44.3	1	89	1.3
19469	62.5	-44.3	1	75	1.6
19501	62.2	-43.9	1	73	1.9
19523	62.0	-43.5	1	79	2.1
19544	61.8	-43.7	1	89	2.2
19566	61.6	-43.7	1	101	2.3
19599	61.3	-43.5	1	114	2.4
19621	61.1	-43.4	1	127	2.4
19643	60.9	-43.1	1	138	2.4
19676	60.6	-43.2	1	148	2.4
19699	60.4	-43.4	1	157	2.3
19721	60.2	-43.5	1	166	2.0
19743	60.0	-43.3	1	178	1.6
19766	59.8	-43.0	1	196	1.2
19800	59.5	-43.1	1	226	0.9
19822	59.3	-42.9	1	266	0.8
19845	59.1	-42.9	1	297	1.0
19868	58.9	-42.7	1	321	1.2
19891	58.7	-42.4	1	343	1.4
19914	58.5	-42.5	1	4	1.7
19949	58.2	-42.7	1	21	2.1
19972	58.0	-42.3	1	33	2.7
19996	57.8	-42.4	1	42	3.4
20019	57.6	-42.5	1	48	4.0
20042	57.4	-42.6	1	52	4.3
20066	57.2	-42.8	1	55	4.5
20090	57.0	-42.8	1	58	4.4
20113	56.8	-43.0	1	62	4.0
20137	56.6	-43.2	1	68	3.5
20161	56.4	-43.2	1	76	2.9
20185	56.2	-43.3	1	86	2.5
20209	56.0	-43.1	1	95	2.2
20233	55.8	-43.2	1	99	2.1
20257	55.6	-43.4	1	97	2.1
20294	55.3	-42.9	1	91	2.3
20318	55.1	-42.9	1	84	2.5
20343	54.9	-42.8	1	78	2.8
20367	54.7	-42.9	1	74	3.0
20392	54.5	-42.5	1	72	3.2
20417	54.3	-42.4	1	69	3.4
20442	54.1	-42.5	1	66	3.6
20467	53.9	-42.5	1	63	4.0
20492	53.7	-42.5	1	62	4.4
20517	53.5	-42.4	1	62	4.9
20542	53.3	-42.2	1	63	5.3
20568	53.1	-42.4	1	65	5.7
20593	52.9	-42.2	1	68	6.0
20619	52.7	-42.2	1	71	6.2
20645	52.5	-42.3	1	73	6.3
20671	52.3	-42.5	1	74	6.2
20696	52.1	-42.5	1	76	5.9
20722	51.9	-42.6	1	77	5.5
20749	51.7	-42.6	1	79	5.0
20775	51.5	-42.6	1	82	4.6
20801	51.3	-42.0	1	85	4.3
20827	51.1	-41.7	1	88	4.0
20854	50.9	-41.7	1	89	3.9
20881	50.7	-41.4	1	90	3.7
20908	50.5	-41.7	1	91	3.6
20935	50.3	-41.7	1	93	3.5
20962	50.1	-41.6	1	96	3.5
20975	50.0	-41.6	1	99	3.6
21002	49.8	-41.8	1	103	3.8
21030	49.6	-41.8	1	107	4.1
21057	49.4	-41.9	1	110	4.5
21084	49.2	-41.8	1	113	4.8
21112	49.0	-41.9	1	115	5.2
21140	48.8	-41.9	1	116	5.6
21168	48.6	-41.9	1	116	6.0
21195	48.4	-41.6	1	116	6.4
21210	48.3	-41.6	1	116	6.8
21238	48.1	-41.3	1	116	7.2
21266	47.9	-41.6	1	117	7.3
21294	47.7	-41.9	1	118	7.4
21323	47.5	-42.3	1	120	7.3
21351	47.3	-42.5	1	123	7.0
21366	47.2	-42.4	1	125	6.7
21394	47.0	-42.6	1	128	6.4
21423	46.8	-42.6	1	129	6.2
21452	46.6	-42.3	1	129	6.0
21481	46.4	-42.4	1	128	5.9
21496	46.3	-42.2	1	126	5.8
21525	46.1	-42.1	1	124	5.5
21554	45.9	-41.7	1	122	5.0
21584	45.7	-41.6	1	119	4.4
21599	45.6	-41.5	1	115	3.7
21629	45.4	-41.5	1	108	3.1
21659	45.2	-41.7	1	98	2.7
21674	45.1	-41.7	1	85	2.7
21704	44.9	-41.6	1	76	2.9
21734	44.7	-41.7	1	71	3.3
21765	44.5	-41.6	1	71	3.7
21780	44.4	-41.4	1	74	4.0
21811	44.2	-41.2	1	78	4.3
21841	44.0	-41.3	1	84	4.6
21857	43.9	-41.4	1	89	5.1
21888	43.7	-41.3	1	94	5.6
21919	43.5	-41.3	1	98	6.0
21950	43.3	-41.4	1	101	6.4
21966	43.2	-41.7	1	105	6.5
21997	43.0	-41.8	1	108	6.4
22029	42.8	-41.9	1	112	6.1
22045	42.7	-41.7	1	116	5.8
22077	42.5	-41.8	1	120	5.6
22109	42.3	-41.9	1	123	5.5
22125	42.2	-42.1	1	126	5.5
22157	42.0	-42.3	1	129	5.4
22189	41.8	-42.3	1	130	5.2
22205	41.7	-42.3	1	131	4.9
22238	41.5	-42.1	1	130	4.5
22270	41.3	-42.1	1	128	4.2
22287	41.2	-41.7	1	125	4.1
22320	41.0	-41.8	1	122	4.0
22353	40.8	-41.8	1	119	4.1
22370	40.7	-42.0	1	115	4.1
22403	40.5	-41.6	1	110	4.1
22420	40.4	-41.7	1	103	4.2
22453	40.2	-41.9	1	97	4.4
22487	40.0	-42.1	1	93	4.6
22504	39.9	-42.2	1	92	4.9
22538	39.7	-41.9	1	94	5.1
22555	39.6	-41.8	1	98	5.2
22590	39.4	-41.5	1	103	5.4
22624	39.2	-41.6	1	108	5.6
22641	39.1	-41.8	1	114	5.8
22676	38.9	-42.0	1	119	5.9
22694	38.8	-42.1	1	124	5.9
22729	38.6	-42.0	1	128	5.8
22746	38.5	-42.0	1	132	5.6
22781	38.3	-41.9	1	136	5.4
22817	38.1	-42.0	1	138	5.2
22835	38.0	-42.0	1	140	5.1
22870	37.8	-42.1	1	140	5.0
22888	37.7	-42.3	1	140	4.9
22924	37.5	-42.1	1	138	4.7
22942	37.4	-41.7	1	135	4.4
22979	37.2	-41.8	1	131	4.1
22997	37.1	-41.8	1	127	3.9
23034	36.9	-42.0	1	124	3.8
23052	36.8	-42.1	1	122	3.8
23089	36.6	-42.3	1	121	3.9
23107	36.5	-42.7	1	120	3.9
23126	36.4	-42.0	1	118	4.0
23163	36.2	-42.2	1	114	4.0
23182	36.1	-41.9	1	111	4.1
23220	35.9	-41.9	1	109	4.1
23239	35.8	-42.2	1	110	4.2
23257	35.7	-42.2	1	112	4.2
23295	35.5	-42.2	1	117	4.2
23315	35.4	-42.3	1	121	4.2
23353	35.2	-41.6	1	124	4.1
23372	35.1	-41.7	1	125	4.0
23392	35.0	-41.7	1	122	3.8
23430	34.8	-41.8	1	118	3.7
23450	34.7	-41.7	1	113	3.5
23489	34.5	-41.9	1	110	3.3
23509	34.4	-42.1	1	111	3.1
23528	34.3	-42.3	1	115	2.7
23568	34.1	-41.5	1	120	2.4
23588	34.0	-41.7	1	124	2.2
23608	33.9	-42.0	1	122	2.1
23648	33.7	-42.3	1	117	2.2
23668	33.6	-42.3	1	111	2.5
23688	33.5	-42.2	1	106	2.8
23729	33.3	-42.2	1	103	3.2
23749	33.2	-41.9	1	100	3.6
23770	33.1	-42.1	1	96	4.0
23811	32.9	-42.2	1	91	4.6
23831	32.8	-42.4	1	87	5.2
23852	32.7	-42.5	1	84	5.9
23873	32.6	-41.9	1	82	6.4
23914	32.4	-42.2	1	81	6.8
23935	32.3	-42.2	1	82	6.9
23977	32.1	-41.8	1	83	6.8
23998	32.0	-41.6	1	84	6.6
24020	31.9	-41.9	1	86	6.4
24041	31.8	-42.1	1	89	6.1
24083	31.6	-42.4	1	93	5.8
24105	31.5	-42.3	1	98	5.5
24126	31.4	-42.2	1	102	5.3
24148	31.3	-42.3	1	106	5.0
24170	31.2	-42.5	1	109	4.7
24213	31.0	-42.6	1	110	4.3
24235	30.9	-42.6	1	110	4.1
24257	30.8	-42.5	1	110	4.0
24279	30.7	-42.7	1	110	4.0
24301	30.6	-42.7	1	111	4.1
24345	30.4	-42.8	1	113	4.1
24367	30.3	-43.0	1	114	4.0
24390	30.2	-43.1	1	114	3.8
24412	30.1	-43.1	1	112	3.5
24457	29.9	-42.9	1	107	3.2
24479	29.8	-42.9	1	101	2.9
24502	29.7	-43.1	1	95	2.8
24525	29.6	-43.1	1	91	2.8
24548	29.5	-43.2	1	90	3.0
24593	29.3	-43.1	1	90	3.2
24617	29.2	-43.2	1	91	3.3
24640	29.1	-43.4	1	91	3.4
24663	29.0	-43.4	1	91	3.4
24686	28.9	-42.9	1	91	3.2
24709	28.8	-43.0	1	90	3.0
24756	28.6	-43.2	1	89	2.7
24780	28.5	-43.4	1	88	2.6
24804	28.4	-43.4	1	88	2.7
24827	28.3	-43.5	1	89	2.9
24851	28.2	-43.5	1	91	3.4
24875	28.1	-43.4	1	93	3.9
24899	28.0	-43.8	1	95	4.3
24947	27.8	-43.6	1	97	4.5
24972	27.7	-43.6	1	99	4.6
24996	27.6	-43.0	1	101	4.5
25020	27.5	-43.2	1	103	4.2
25045	27.4	-43.3	1	105	4.0
25070	27.3	-43.0	1	107	3.7
25094	27.2	-43.2	1	109	3.5
25119	27.1	-43.5	1	110	3.4
25169	26.9	-43.5	1	110	3.1
25194	26.8	-43.2	1	108	2.9
25219	26.7	-43.2	1	106	2.6
25244	26.6	-43.4	1	102	2.3
25270	26.5	-43.5	1	98	2.0
25295	26.4	-43.4	1	94	1.8
25321	26.3	-43.5	1	91	1.7
25346	26.2	-43.2	1	88	1.6
25372	26.1	-42.8	1	87	1.5
25398	26.0	-43.1	1	88	1.5
25424	25.9	-43.4	1	91	1.5
25450	25.8	-43.4	1	97	1.6
25476	25.7	-43.2	1	103	1.7
25502	25.6	-43.3	1	109	1.9
25555	25.4	-43.2	1	116	2.0
25582	25.3	-43.0	1	122	2.2
25609	25.2	-43.3	1	126	2.3
25635	25.1	-43.2	1	129	2.5
25662	25.0	-43.3	1	129	2.5
25689	24.9	-43.4	1	124	2.5
25716	24.8	-43.0	1	106	2.7
25744	24.7	-43.1	1	96	2.8
25771	24.6	-42.6	1	87	3.0
25798	24.5	-43.0	1	80	3.1
25826	24.4	-43.1	1	75	3.1
25854	24.3	-42.7	1	70	3.0
25882	24.2	-42.6	1	67	3.0
25909	24.1	-42.8	1	67	3.0
25938	24.0	-42.8	1	68	3.1
25966	23.9	-42.6	1	70	3.3
25994	23.8	-42.3	1	74	3.7
26023	23.7	-42.4	1	77	4.1
26051	23.6	-42.6	1	80	4.5
26080	23.5	-42.1	1	82	4.8
26109	23.4	-41.5	1	83	5.1
26138	23.3	-41.2	1	84	5.4
26167	23.2	-41.4	1	85	5.7
26196	23.1	-41.6	1	85	5.9
26255	22.9	-41.5	1	88	6.3
26285	22.8	-41.7	1	92	6.8
26315	22.7	-41.8	1	93	7.0
26345	22.6	-42.2	1	95	7.1
26375	22.5	-42.5	1	97	7.2
26405	22.4	-41.8	1	97	7.1
26435	22.3	-41.8	1	98	6.9
26466	22.2	-42.1	1	97	6.6
26496	22.1	-42.4	1	95	6.1
26527	22.0	-42.5	1	93	5.8
26558	21.9	-42.6	1	88	6.1
26589	21.8	-42.2	1	87	6.6
26620	21.7	-42.4	1	87	7.3
26651	21.6	-42.6	1	88	7.9
26682	21.5	-42.6	1	89	8.4
26714	21.4	-42.8	1	90	8.7
26745	21.3	-42.6	1	92	8.7
26777	21.2	-42.5	1	94	8.6
26809	21.1	-42.3	1	97	8.3
26841	21.0	-41.9	1	103	7.7
26874	20.9	-42.2	1	105	7.6
26906	20.8	-41.9	1	106	7.6
26939	20.7	-41.8	1	105	7.6
26971	20.6	-42.1	1	104	7.6
27004	20.5	-42.5	1	103	7.3
27037	20.4	-42.6	1	103	6.8
