 band  SWDNSFC  SWTOAUP    SFCDIR   SFCDIF    TOADIR
    1    0.001    0.000    0.001    0.000    0.699
    2    0.000    0.000    0.000    0.000    0.782
    3    0.000    0.001    0.000    0.000    6.290
    4    0.009    0.003    0.008    0.001    5.987
    5    7.586    0.977    6.739    0.847   13.439
    6   27.335    6.511   23.910    3.425   30.469
    7   87.193   21.285   76.193   11.000   95.422
    8   95.504   23.223   83.469   12.035  104.823
    9  142.529   33.884  124.680   17.849  159.113
   10  119.804   28.482  104.802   15.003  133.744
    1  479.961  114.367  419.802   60.159  550.768
    2  350.915   51.052  347.901    3.014  425.567
    3   64.663    8.531   64.725   -0.061  134.275
    4   30.229    3.943   30.289   -0.060   44.659
    5    2.873    0.231    2.893   -0.020   24.829
    6    3.999    0.512    4.009   -0.010    4.842
 1-6    932.64   178.64   869.62    63.02 1184.940
  
 band  LWsfcDN  LWsfcUP  SFC-1Dn  
 SFC-1up EMIS(sfc)(sfc-1)  B(skinT)(sfcT)(sfc-1T)
    7    4.353    5.397    2.994    4.854   1.000   0.774   5.397   5.397   4.427
    8    7.868    7.890    6.589    6.641****************   7.890   7.890   6.622
    9   25.330   25.356   21.790   21.853****************  25.356  25.356  21.830
   10   22.367   22.836   19.150   20.431   1.000   0.348  22.836  22.836  20.064
   11   18.684   32.705   12.211   31.665   1.000   0.949  32.705  32.705  29.152
   12   17.229   34.705   10.454   34.076   1.000   0.974  34.705  34.705  31.332
   13   42.723   67.315   26.024   65.623   1.000   0.959  67.315  67.315  61.648
   14   55.315   58.434   47.615   55.387   1.000   0.718  58.434  58.434  54.269
   15   61.904   62.316   57.532   58.912   1.000   0.288  62.316  62.316  58.537
   16   63.141   63.290   59.837   60.259   1.000   0.122  63.289  63.289  60.117
   17   42.683   42.693   40.939   40.967****************  42.693  42.693  40.958
   18   33.374   33.375   32.330   32.333****************  33.375  33.375  32.332
7-18    394.97   288.13   456.31   130.37
